64018829661879209664
465811670058163806279687344
9548216773912005
42982048226227300902
910003853172089782457821454
8892522470009949803840288605
176252031487353791256
3229638398366279836068625612
58081190426493416217262617511
740166641428350303300
49525803381391221883690188037
68294781741401998165787018
6320619662221387907157
936103954300369544
327311850453562146
372934146111516833329514
406196060918991706566156
7684489609703585435
644311620399542074
93133278977681258943
409528481622117329124
4329370264928918359538918849
48608324482745319108043665679
3765375264531730883512078
4734238575984721524
63990267757370612636126871839
748256766007744439498
7814732845633134077483127
28972874543084734798939740616
32767856219918848365572
1024246886779342511622228
56428543192666464765729110
92880618432420405586482
93035833431049123
694109211336058543789958057
285463039406738547159290
902313275120063533
709618955779027858350292869
950618815620286767386573403
214318697139354132173
8345468833472280
26484471954667379814135531
47772700266853981369339550680
64309333206946876576424
813474124225703856420775
558573926468523776
3675652518344937506352
43380126973148935133
83964038022249495771045
68939386930663183505602
36055875078137962989
1757071443889578598569909
1218327822764858392418704767
2577057931725437660842954247
1873043520020390466146325179
72381707589937483893374
9389039704275170435467571
49796364872301701976
650523988791874391623642519
46599183185729679631909226
41268800838937991335911784148
533130536962692295987
2273184025162891496084363
903680198787565097034845719
2110048554145783526616
829651102277771597702
62010167739676841
1851961747642825718
36935011220452997277130048
7663215027289239981147
2341812890007804112573407129
67184344646493048863933874737
7380300398446344988186886307
125243061708649540488701002
2331974391784108252794
3878455786582825229255402
5387157264399627
464086926555913534878250
7422148640936766582
70186595798326035
5993014516368910759462
185676230217996682281753
623477223975956111610784
923124027403683692134255
5997919091761516482678
98913287891532979337
4253580116235723055195
6236240454949821665123678841
87399294638519550875368
39707353011054507350702828414
87643049423681235670
9113135696038587946558
31948028749104131
1213548810967304735
87685846581820411616811
5389680191156825155622325935
253749358044527362286727
81632151102973882979
45404510123280229980912
24018538517421224666115294
5556141688414652051228
2049144167460602552697
90435798447219686095815278728
83987566443757180559726
42358363690112052
5141704626117638
65221605821237107279749116060
362849550425317220940
17954184590731287800841
912950058422970288
99577390325261916071342675
1978660062862629778382
4085934903421458592461879387
5955035441558740788817
74288088600574036
2759218563343153827
7847678012712683576164
4563297231969255
995337981600226027116593326
7630265530458460365408501752
7115399034645001902445043
522837942366170813503480199
96478060996015857982680156
443517819860207356710
57909502852686150021
757203579605479593323
80623823520828210459149643
702492100900999321
13870484436611759695
502040045728290106
18432895902140798152
32773972849041463509
7083795152731406403987
7665090065807022442
84044349282459446375497
1963128855592603367674014889
38821867265194594
1677169594101561
870203828378010184510305486
88724939642886434098742882
8266502385051289437
86389575175994857055088
27261816527725346703514783725
7099391121342411425
9032449944233786379047648658
4362381910063994458
45417305358885133
81824088947704533093405501
1386227196548453422905459
1445840241504393514831775073
79102366979032483751774
21691022634910546700182186
6097017263837798575
9013867748332638775709688
2062427978209777971807345
2756742731818855
2831252398694165
2328332697859428199665
27792759309738914505566493444
18751335889688023197352
7802200503326227
494297731799268924522
52507720465222408
50822626756326604
16251225016675351120857219037
930770848123014397
9162789477890226954216820
94609746534408143
28234028606637529183619924135
574103374135103781106
637419326367066885
5032263867827317600
5176725721895270553424
99370173414763846400
54554875682923679077259931
6437773182772274781289992
42288909312052392
424121599616673160268718
10195825723152370788897535377
8287824646428217142345917
43950303435696538650997
7727304960900552
62040918392015854
532193251706152530
1167899701863207623076821814
18596597182407716
890082881742371293777091
50777759851799477322593728
61659738153197808840781
4453057189457245217819572699
5529859997447533871
8071545369001885332804818465
9609806017725216636256291
79913528457588439954749791159
85117632532775267
8545888199596169352
45888176722989106045434469
44668494221937704619403538
6240173030030748986114
2361413262014333300887106203
9319277346341707106135
987700277490248457068235
83323080568407201635785885240
822572932070302923744768
908568973392054721125040
370779194393216614507
19821175666925378755502
7344463203465306981586352
605333466670665929848
41095401875077320922632891469
36139117883352136
5185351278319488036531828242
90236126845970912649354
140706681952970755287393
96893541481535330189275
32997049123557470517
209695710015409373714
1147281539597523652760201077
8566416053987192271
8745005590566060789449637450
9960180772387148533655011
6990574616208091115737
32329586651927668394844026
836861860200642414848654
656090807649441934872532
9572582588843429976173781
13871149554682321606623202
7300542826386374
156203511046231426789
2069986791794034310460147
164390171082837614537
9885269257291795902082500254
186355191435087161
7269916525610846286308971
43994732227572939270599959389
3355995485481190702
7835164257727643839380
87765497501645456
39589017685484666640005039319
2742194050557417354073
88269521986788697
29012900853161095174887877570
9886896949266957779893
3180353367549277195241
11038197625141108
53957092941990851666265604874
496686492537523006666035088
6843202274176173
18745018400541382885
80544128769816884312895251
386404845897799560780339607
64865636580976963926
33747141048210709941
379243284705943229691
61288494692128911954067098651
985878100882741568
77793091175210398623173167888
81880129364566730696467353
49028926660363369589295
234672662610978250505
251677591933234877961
136405791891205218
4918420494350887133693621
470959972508320489579
2077027093559588
98645801042562005
911401421453801834
617540486398284438361534296
943247905661559022
6450476390007052333487436211
73699778667580725500869
32084570589290006
334998059969717491024683142
187427271895794995766
5700400782756237701603
61695132493670989
36349870808707308318482773695
282234722068076079534
7283280875859905056
4561133275571662506
74785617456444514753572254731
8876686232101605
62136632806471190584935437177
90773004662373747385
21389401239347102796360935800
5037999400063103524716
457902058029571205176593
3645697202300634461
7223894936518062535165934734
35497800422442422178
3688575489435511554502
3480580949338977472117
41220106883944266
60437532857168856908
360875832341478557731840
2652652586667027705324925685
63231168175289151979764
4749111224313063218791940534
173708823176491163279232565
9573535157795642609391783
42793163353913654
478398392399065342683
79583538999434000673812048160
156186802455611718581573
61767209591303848
7558957844153359173222434406
4693606524650061928859928861
72021303778430724085643015
7385580262959115401
2550572828253146415
6397010980388224311
7792256730685173802
555435687683228156840672095
197824639075488627436
820235915995872458273633
98456150612370024527504894614
662773430662554311526
37911323149427010760098
492643610335672177
8840929196884134935
47273593131459730334869560
525500481474461175358
3833052565817972531703
86492007650303228773015
618114916145899618341407
964881283257815052
19531659090361193620054
66157078202144157621328039352
2808246994975880
9365638829334621420073492
509374925424606906739
989579050031263399801
208073138690832057355
79319423201031760
31298018110463283645898800
499578646851874206276700
2805713176718117
4846559405427149075028896693
285418490305450503830599253
1470733180430408949679
39440804966421458871
84258787732526882
5483886816070763112359
6206440679875126587
2650672744817497193
116920146478049324
3953101356745364
2887380846678521018678973376
3288007952442876084856319
70198284684833679506
98929100966938580800082069187
98588963008097072288
716303114172453626231
64243173699606268643069588
779768573596380728961531581
306989406936814465
792916773412339474
248736630397475019108068651
91396012806421893
9098987647658954871868
6106902172008111247606614
2958856359210262562197864
6214875676753789820
65684731081621158712391588
89970203138965975
1229624772894638682619924
897528052509192016269164
4005810353560169356997
24991561257784673342677910
148936872687406496161089238
593908566876150325
9664268760855104523
92807303278422308932673974730
2004322367763176546
624141375110267127576
867028615544509605819227
9719712954637853896686414
179737549337655789380949911
749742572980042434
59493438789104787
536605592800542180003
1613951075858998256146360
6713627544720391632
4036730095987460518433
99192856407792300
3716100186036683175918
8756161308893095756139961902
177564500518060640143
76498457698999114
689779456694294092125148351
7639449610175489423526266926
239037429944454630856226
131472621478230974061328
63795303524975773
52532168748862915
80621597883636012183385
761320024120202848585945213
6912146747190617953123
2356952371203690408633835121
30771229118594657
332445981347126231
5524310901521789689674
967406758545239186880
783138998424321507998
673259680831396907478
44166181118548366
9100475690454004929198674
38732377581715165
109070787480065657
513756937562610846
7196108560992029522747448803
54023974810401052602
936313211458396329
9637421625323633
50844254394008548185424591
192869693616374228931355471
933038929127084987860642362
426725822764101364759860
612007640934341206985186690
7083357293213668225792
5763852499631230661774
57623597471746386215025937
2549658284751189897680818052
3557117492873944
99406484097208646831624038
8950188171650360475
848519080896515824280002
84977541678800576165016
73551570752043550720477
96164158324370979240
92950912200479337
530525038901623530006421482
86468047949436728770177
125427441197397152
57244372902908901756002
58099009979730748917
164486544596985126529
99146842919460041
63412801462719701374868374771
7009314024046336303359
19397824616893690831475949
505586956441580159534971366
6906449557244755
539976226002174223048407
2669102854341329559370031580
7486978580221825965377656004
40663063719046367425354
10152502219928067628298213409
61810272177222711281
88714547366079340
65989679908497066655
733328181011300023645693
301265476801474291974
735828340920657019179
20218170270280188618
31753112553208576643795
6865967521492782589537
6291681336449987443362
3843797510872551934143789585
94783620934897396
53087371010835817112636021
92524670764123830725709690509
7996777893056391519839761
4575929898654927238213
400607492630184372450637245
82449832785076179
5754692914061406111303424
9627160265298166890874942
36715815190313368252607
52057358911669056063
2523500620042833440994348554
10783293511895111171077007
99475950719858332
5059047000878823865056249010
184606627189164853245990
659337743426258077926
928218824470835757572
5154154147375570249
6122548590467157638948
962529207112359779818333210
6502134751360752
754796266657117212989167
2035296911346479261891796
614719275946666345
26793826842456960176273258325
75408087089239737
3050594107568000
6381689573350262926
6694024030559094481063881326
92793003868076888
106438952873971891
6610696110795825004205017
258567771182171035190
562274901764891902
6155265259055348433
5934265539882909
91236163664191065004556342167
666825175391482205289
9278686641940105125484787
34028426316595977952
1275858438021633
60080335921202387
793803304559594867380136105
8543617260327629618359048
1952621030512087
11064279782801829140734
676460377499155615222
865286108917437026363
39754926852789117359467
556242709149439429181608
28951451509775798538
777174688228437023731369004
1325104100258031726788350937
47255854440372350
4968773915687746083216106145
23279586139690586
211188937497095482359610
46808819338540700920096781
4997674447145936
31928511650439070566293818
29309570508585138539598
79289040110010761655640421
76603625848437049
2290764076897961142989768
8357670622281622438
96175218109205366101368570
53485287587269812
3623884073862631
593805453518386383359618
9132164962200929259
63014185214379279150
3625615987915651
24603327079366707793950
728719098652868145
8865749870869578272752090
56937697969421785626618980
476899708968887149855964399
5981253140129512
6798874372420135313560742558
756790300206263435515
934875941966619777
5086297853051280
4943151782379191969581
612862351944574511
310019502558439301379417267
43765920921331830389941892
30637759828314618796
126588971286608414
3336004457758997981589613
366941282099399785
43852597681986794179096938
5039220245585883
5031026124259740535
4404861864478234147
68744498030326110623813756
926794672844475430685355899
77248051270808444762211363
16912257337860112363422747439
449087842422085992494507980
43107185330986602294598
773521782010972106900
558458829924933987849804
748695389402641483088256
4051754795026462423580782
58726878398961461851
41223972660243875173
1712160927171185582643711
13236112236238994276660504153
640076036236359494281
4956325269014146428463665
27079974379583144497036
40864722082858938744483
64454310300281329
717738083305175991932241603
374556892432361064604
9035713314303993236900249
131248443315830148
2987247839528059061883773
7365664764658396753960027440
1541057443254970120430
22012922539222203374
415340333373948948892
9111634786542683
1997029263407092409
340816742950013387672489332
4229073399588484537697
7521298185962955874902
58413432982079761
4804826988897742475107196
2306712221191751018
3266934551251981213400986013
221309164715687724777305853
4969996685162007440006171893
487636446793983443586663
24827350795890524174586977960
1459915267987897729858
69202244684511423988312942
45531888723591294010107
120234849329003281507567
205660507630164956240
21567507009215691990496126978
88019457026153303930213658
13005049903940014012790842020
1124850814754719354546760
6283142955933799534077120740
4766147616891503367474
23496673161258963497099289577
8673391195424998962916581
28343852805857952531332496
14940680418215911898013250
42463538548652347660004
2660655817177886714
4249226852601725070648739766
1293764725445992843573880814
6046652605348136856
812151036173539289411120228
997118823691580525118
3976949379105716753
7822571081712684170450325
958028018003910632855859302
3248734333793922677
909814282119618635
4583108898038008305
3598247684214160385
7158935110292015930021
341026963166805012637318
777601095365526932930814115
42838904837811332794
1802245992109485113828965
4847083712283741525
49574823796851516334874255910
73184563904274370961
655455310597491495850776681
87248789137272571242004560489
1172129912247839329305558
5603114403519650
777740044043019345205
1251785017461637287
8680497321222188
968901770022650382636497
905396326026717643889
399511273151444937364226638
446519148562611474860472
362259875870908184617091343
2538890635100834
19331439343099465
96597047890770430572287
6033094126164501482057
4466671233296848421914892
492775400429323670
6730372779900223
41335457426956776419
9373741930719577526783086
155040515821581295943
2772654915266388736338674
55000317452160805868012
86150376371924828220651484624
950614612246181308215384
77411821809139621266412647
29501985965643544331
270590459840291241
489528233595784445337
2330929679564606
73856853525278607543358986062
7171479435321127
42632604079441373
89503850859308640192
1623850293245561637
9498159279772389798145
64578943559174793251922803
904446904684970387523073
960654968209543352526
6588464006178289273995
54180580287914883659177770797
35909089164347926796276707
57781116097814793397118778
749601575649595310982
2379507428479032428
64930722027437336582146191296
1176483380573261944792
8429828596781780847696913
821047080684344206
3190944578539086630409749157
3952242327185063016
5653011022628121252815349411
12997132556005641754159665752
16531283841898050
5177439381903168131716818
9764674573491100424364857
29828730097970245254915511291
1987030159577563132672548343
95328784555700627984
4262360394627003043921073802
3456493141642194955275
76904403463509111350
61113052491397046605
955149414912964570919
193052703433548699
4372403513348665
30919047848377940475744941531
5727360920910484
819497937752245628479
88839216025749255396555472
5433207419325056158576980
92602256581162624592902792900
1345262238078720319849705
909463174512854416357768848
3907708519207323896851458
6043785843651775436860337881
48460471783841022521
3413843843561698995266242891
97913507276049188285822221
6975826008847902
444309081181027533497674773
6863712207529427855
22551348549810429208811274502
9109146496013004239065
104097453982128912588585750
6904956066326331497816
13234050582204020494
104221511475248984590104163
14589782972354609475701537700
7894786680001120971653
847012597804576684
130226660439408501460021
95909553580483856566802019
162168859144863294162277663
7921675116278107812814299
476860460619106356505747954
2229694267697518268
690928715013052844321
332227127312838441072
8143978574549612124
337977783535529895063
11760175408333836
2275077473438093475775
774900846485190738895
6473210360337750258775122
23082834554681018
42314693743780285993
6000279191817125705
901127921241956086485684148
70791940716706976154161204
62263574313222130360956
36980593117082075
71487561401769817005103628867
721048069809934101304617
660936124791358734952
50901334050812327053
5034322685118964111692045877
1415299452440261020888
940575864270522070479
410789759838810409214
7304677113309711
9258380327073638070289
682679380797343882400161
18306544138189704158
36729194541285172124169
4975940946744432700469
266985271361204987257062
73803218027472166308789
918610762726719343549
57632160491515894054505
4437653849386078167183
19896586388730003
5431284023101603316572209
7463593533981919
2762913473313069037888
11955292401830824
160035599991843008
8034754231314365429070629
906649246259294434892
94107022878647765384531216860
66494837471032638835433648140
4376314460955128366088262
3837668811649838190840
1279785121293011184
5803583735523026009198
3050441644374220356194847465
74179968998364907
72281714843879450517
55777437874475669146702050037
531358214991638102396071549
837292639730463591175164
860913870413794582009080135
1117575969951244200
885577501557310853
78211113382503352
9135580376237107068462125
28896948748434334570
9868994054158784
907879662356497084
22460669806999433991
294673353690025564701704
245113110700641948892517898
7937264616031375
89190388232645939794909867
70073955822363425560074036312
7155596122086775580575919734
44576700015404812001788269
28303898672700449347
1628366198356375934215
13482992959686900415
71566881626798466713286742922
97310761747480898893
81426629065691603608273250
70895666459434716879
9404073625860637
10281634689505443352250
24979441678357729329417635
376260040700147912834
2942226647192163237437
96892592114463071939
6891184545237919887
24559934467852972275246758643
7111481291239152415
78040991703873575223723
1261172252935341
47877710126521575555
462476773082001154
1551565456140588985155685
21166051686463859338456207223
1571129084904873660230905
43374648508394324760628431024
5267620289044271978
4407323529309940
6377057931951364
646311294669386350016576
61729367004657387
1607294237778265681764241831
45481799816752920088
92008691192371669030014
4517888567384158820
305504704532610284648507
8215349018780278406892993987
17539569248353982162982715333
82725491628962738543843444
9587000089819427239650825
5311097823253898684970836099
86941825687454127
4244295756215133186086
40788512952182710472
627649102771901474360950
851826767301807475
50672467197739596975
3735895589010763909094026
15139799433709625978445313327
52371131131397953177846112
4463876752266277118961954216
2067912118239198923041
301054669108605080457208
99629414060005538820005398851
39256961293162502347351
7458869623065493
9206438393025342279989
41513888113729787639
6481873621466005923097856234
774355840653437841425286435
4861434903481896722688879012
6980463241132248521434652932
6057527014052946655
686742170279935349394
49118236248076054455389653
174031776712771103079942590
568769191441707009908
5303951223158531090000627199
99398023605642259174419979
208356337595743555135409
75728892019182942097
1344600352078003921
2219035693048905
99281422533906076
8259405880573354208511039
249239570600637114173388890
3338692038106222
65109035573855833261668946176
38915008482213561386085366889
9816061478917364
841804276953331958044145
65806805889401147685
21940233679200235
27069582327008261
31470315465982879706
6026384831371588
7277336190127667796415
97330358333995369
48362012719405805
1206343251023611
31607545296269495
665713179224250106659858
248084512842273844
45135339657891194955
43475986709828683016186
99106664614243523306
59364305195115516127
65107663756200283751563566
111210925135869452
4599242158998086435
18365715773389373652213499237
7539699954586000222077
917367799391979283688837
1242837370646558678
80688684936530816710073
396822702914013685731
9770680892034440287
6287903023980611925086165
6701279141147918601218636
33350487144758768536404678989
282379630540988862
4577297437121340256719049
4132342173257958
7056945378505217
495889888350896307
9753212448047196196594
8627395766777430027
157904340741753032
603680999557816848129
3394231019135416415553
238094484414022541546
355290683480103773
14932286313011868245230714042
7580617588367157480554605586
4185895940376113
18784486118857364
51016411117787839399273980
187646554061880565071226224
11784510529006778806
8137728284011456920882916
14841431300650886708266455
6998702436148507
33153500635195013277955
2512063885495481280878864888
93890584798724347172082
291300564080452192364903
7953715349641831347
4011204608279794
7962704372225693863721376
38767958649254929423195102792
98387751904506969535400
7463607679817006723923315
4638137649033219
226702283653417764062
1862102696534031366000477
5372746359089165813510
23290450975267372703215
4990165326852250
8480586455115822686317973
151548741714293279454788586
198820707171297633733
584437946777009552524072
1836185796597222554369678
13779727770671516341206
2275299294915795490885
496794195731422037527138
91314451369978590592672
73715882759056941861444800150
5754045979442411945308
292173346096157085349697552
41165374539459941438
842795598772853671
5348406488102549360561142
30339676835710641990059811481
583965486111928523847
2664953590738970807252
959554375575509146276
13154308870202297
89339736512955955
67379382272037707621536746
841686614710658583760481
86285224155906306035
6313601699378193074340630832
6524660102071689
60823493009596927204019961118
8695445679785798001192
3117440322083862606
12180545051951933773704640
293555093493737264
4123624928145783876128333942
745593389082977677
9082509740681448616641446
881150661811253340753
1222029614491008726706643590
8550549660796403241157756
10783957745072987
6160626923520764059904865
767363000409656531363896
4507169291337379573082745000
690968140298758199279907555
6789504271203993813256037172
47801062610121908528754239
432855972648725053598448
1281546481894653289017528
3141872031483686291135695
896795772478739095333029
1063242793540434377840
549845804373083765550371343
2434888015963301555900756354
46470601453110796264066628480
40752078914067987970
4898060247595859541
